00000000000000000000000000000000000000000000
00000000000000000000000110000000000000000000
00000000000000000011000111100000000000000000
00000000000000001111100111110000000000000000
00000000000000111111110111100011100000000000
00000000001111111111110111100001111000000000
00000011111111110000000111100001111110000000
00011110000011110000000111100000111111000000
00000000000011110000000111100000011111000000
00000000000011110000000111100000001111000000
00000000000011110000000111100000001111000000
00000000000011110000000111100000000000000000
00000000000011110000000111100000000011100000
00000000000011110000000111100000000111110000
01111111111111111111111111111111111111111000
00111111111111111111111111111111111111111100
00000000000011110000000111100000000000000000
00000000000011110000000111100000001100000000
00000000000011110000000011100000011110000000
00000000000011110000000011110000011111000000
00000000000011110000000011110000111111000000
00000000000011110000111011110000111100000000
00000000000011110111110011110001111000000000
00000000000011111110000011110011111000000000
00000000001111111000000011110011110000000000
00000001111111110000000011110111100000000000
00011111111111110000000001111111000000000000
01111111110011110000000001111111000000000000
00111111000011110000000001111110000000000000
00011100000011110000000001111100000000000000
00000000000011110000000011111100000000011000
00000000000011110000000111111110000000011000
00000000000011110000001111011111000000011000
00000000000011110000011110001111100000011000
00000000000011110001111000000111110000111000
00000000000011110111100000000011111100111000
00000110000111111110000000000001111110111100
00000111111111111000000000000000011111111100
00000000111111100000000000000000001111111100
00000000011111000000000000000000000011111100
00000000001110000000000000000000000000011110
00000000000000000000000000000000000000000000