000000000000000000000000000000000000000000000000000000000000000000000000000000000000000000000000000000000000000000000000000000000000
000000111100000000011111000000000000000000000000000000000000000000000000000000000000011111000000000000000000000000011110000000000000
000000111110000000001111000000000000000000000000000000000000000000000000000000000000011111000000000000000000000000011110000000000000
000000111100000000001111100000000000011110000011110000000000111000000000000000000000011111000000000000000000000000011110000000000000
000001111000000000000111100000000000011111100011110001111000111000000000000000000000011111100000000000000000000000011110000000000000
000011111111111111111111111111100000000111110011110001111000111000000011111111100000111111100000000000000000000000011110000000000000
000011111111111111111111111111100000000011110011110001111000111000000011111111100000111111110000000000001111111111111111111111111100
000111111111111111000000000011100000000001100011110001111000111000000011100111100001111011110000000000001111111111111111111111111100
001111100000001111000000000011100000000000000011110001111000111000000011100111100001111001111000000000001111000000011110000001111000
011111000000001111000000000000000000000000000011110001111000111000000011100111100011110000111100000000001111000000011110000001111000
001110000000000000000000000000000000111000011111111111111110111000000011100111100011110000111111000000001111000000011110000001111000
000011111111100111111111111111100001111100011111111111111110111000000011100111100111100000011111100000001111000000011110000000000000
000011111111100111111111111111100001111111011111111111111110111000000011100111101111111111111111111000001111000000011110000000000000
000000111100000000000111100000000000001111111111111111111111111000000011100111111111111111111111100000001111000000011110000000000000
000000111100000000000111100000000000000111111111111111111111111000000011100111111111111111111100000000001111111111111111111111100000
000000111100000000000111100000000000000000111111111111111111111000000011100111101100000000000000000000001111111111111111111111000000
000000111100000000000111100000000000000000111111111111111111111000000011100111100000000000000000000000001111001111000000001111000000
001111111111110111110111100000000000000000111111111111111111111000000011100111100000000000000000000000001111000111100000011110000000
001111111111110111100111111111000000000000011011111101111111111000000011100111100011111111111110000000001111000111100000011110000000
000000111100000111100111111111000000000011100011110001111000111000000011111111100011111111111110000000001111000011110000111100000000
000000111100000111100111100000000000000111100011100001111000111000000011111111100011110000011110000000001111000011110001111100000000
000000111100000111100111100000000000000111100111100001111000111000000011100111100011110000011110000000011110000001111001111000000000
000000111100000111100111100000000000001111000111100001111000111000000011100111100011110000011110000000011110000001111111110000000000
000000111111101111110111100000000000001111000111100001111000111000000011100111100011110000011110000000011110000000111111110000000000
000000111111111111111111100000000000011110001111000001111000111000000011100000000011110000011110000000111110000000011111100000000000
000000111111111111111111100000000000011110001111000001111000111000000011100000000011111111111110000000111100000000111111110000000000
000000111111011110111111110000000000111100011110000001111000111000000000000000000011111111111110000000111100000011111111111110000000
000000111110111100001111111111110001111100111110000001111000111000000000000000000011110000011110000001111100111111111000111111111110
000001111101111100000001111111110001111000111100000000000000111000000000000000000011110000011110000011111111111111100000001111111100
000000111001111000000000000000000000000000000000000000000000000000000000000000000011110000011110000000011011111100000000000001111000
000000000000000000000000000000000000000000000000000000000000000000000000000000000000000000000000000000000001100000000000000000000000
000000000000000000000000000000000000000000000000000000000000000000000000000000000000000000000000000000000000000000000000000000000000
