000000000000000000000000000000000000000000000000000000000000000000000000000000000000000000000000000000000000000000000000000000000000000000000000000000000000000000
000000000000000000000000000000000000000000000000000000000000110000000000000000011110000000000000000000000000000000000000000000000000000000000000000000000000000000
000000111111111111111111111000000000000000111100000000000011110000000000000000011110000000000000000000000000111000000000000000000000000000000000000000000000000000
000000111111111111111111111000000000000001111100000000000001111000000000000000011110000000000000000000000001111000000000000000000000000000000000000000000000000000
000000111100000000000001111000000000000001111000000000001110111100000000000000011110001111000000000000000001111000000000000000000000000000111100000000000000000000
000000111100000000000001111000000000000001111000000000011111011000000000110000011111111111000000000000000001111000000000000000000000000000111100000000000000000000
000000111100000000000001111000000000000001111000000000001111000000000000111111111111111110000000000000000001111000000111110000000000000000111100000000000110000000
000000111100000000000001111000000000000001111000000011100111100000000000111111111111100000000000000000000001111110001111111000000000000000111100000000001111000000
000000111100000000000001111000000000000111111111110111110010000000000000000000001111100000000000000000111111111110111111111100000000000001111100000000011111100000
000000111111111111111111111000000001111111111111111011110000000000000000000000000111100000110000000000111111111101111100111100000000000001111000000000000111100000
000000111111111111111111111000000001111111110001111001111000000000000000000000000111111111110000000000111111111111110000111100000000000001111000000000000111110000
000000111100000000000001111000000001111011110000111101111000000000000000111111111111111111110000000000000001111111100000111100000000000001111000000000000011110000
000000111100000000000001111000000000000011110000111100111100000000000000111111111111111110000000000000000001111111000000111100000000000001111000000000000011111000
000000111100000000000001111000000000000111110000111100111100000000000000111111111111111100000000000000000011111110000001111100000000000001111000000000000001111000
000000111100000000000001111000000000000111100000111100011110000000000000000000000000111100000000000000000011111100000001111000000000000001111000000000000001111100
000000111100000000000001111000000000000111100000111100011110000000000000000000000000111110000000000000000111111000000001111000000000000001111000000000000001111100
000000111111111111111111111000000000001111100000111100001111000000000000001111111111011111000000000000000111110000000001111000000000000001111000000000000000111100
000000111111111111111111111000000000001111000000111100001111000000000000111111111111111111000000000000001111110000000001111000000000000001111001110000000000111100
000000111100000000000001111000000000001111000000111100001111100000000000111111001111111111100000000000001111110000000001111001000000000001111001111000000000111110
000000111100000000000001111000000000011111000001111100000111100000000001111100000000111111110000000000011111110000000001111011110000000001111001111000000000110000
000000111100000000000001111000000000011110000001111000000110000000000001111000000000000111100000000000111111110000000011111011110000000000111101111000000000000000
000001111000000000000001111000000000111110000001111000000000000000000001111100000000000000000000000000111111110000000001111111110000000000111111110000000000000000
000001111000000000000001111000000000111100000011111000000000000000000001111100000000000000000000000000011011110000000001111111100000000000011111110000000000000000
000011111000000000000001111000000001111100001111110000000000000000000000111111000000000000000000000000011011110000000001111111000000000000011111100000000000000000
000011110000000000000001111000000011111000111111100000000000000000000000011111111111111110000000000000000001110000000001111111000000000000000111100000000000000000
000111110000000000000011111000000000110000111111000000000000000000000000000111111111111110000000000000000001110000000000000000000000000000000000000000000000000000
001111100000000000111111111000000000000000000000000000000000000000000000000000011111111110000000000000000001110000000000000000000000000000000000000000000000000000
011111000000000000011111110000000000000000000000000000000000000000000000000000000000000000000000000000000000000000000000000000000000000000000000000000000000000000
000111000000000000011100000000000000000000000000000000000000000000000000000000000000000000000000000000000000000000000000000000000000000000000000000000000000000000
000000000000000000000000000000000000000000000000000000000000000000000000000000000000000000000000000000000000000000000000000000000000000000000000000000000000000000