0000000000000000000000000000000000000000000000000000000000000000000000000000000
0000000000000000000000000000000000000000000000000000000000000000000000000111110
0000000000000000000000000000000000000000000000000000000000000000000000000111110
0000000000000000000000000000000000000000000000000000000000000000000000000111110
0000000000000000000000000000000000000000000000000000000000000000000000000111110
0000000000000000000000000000000000000000000000000000000000000000000000000111110
0000000000000000000000000000000000000000000000000000000000000000000000000111110
0000000000000000000000000000000000000000000000000000000000000000000000000111110
0000000000000000000000000000000000000000000000000000000000000000000000000111110
0000001111111111000001111110000000111110000000111110000011111111100000000111110
0000111111111111110000111110000000111110000001111110001111111111111000000111110
0001111111111111111000111111000001111111000001111110011111111111111100000111110
0011111100000111111100111111000001111111000001111100011111100001111110000111110
0011111000000001111100011111000001111111000001111100111110000000111110000111110
0111111000000001111100011111000011111111000001111100111110000000111110000111110
0000000000000001111100011111100011111111100011111000111110000000000011000111110
0000000000000001111100001111100011111111100011111000111111100000000000000111110
0000000011111111111100001111100011110111100011111000011111111110000000000111110
0000111111111111111100001111100111110111110011111000001111111111110000000111110
0001111111111111111100000111110111110111110111110000000111111111111100000111110
0011111110000001111100000111110111100111110111110000000000011111111110000111110
0111111000000001111100000111111111100011111111110000000000000011111111000111110
0111110000000001111100000111111111100011111111100000000000000000111111000111110
0111110000000001111100000011111111100011111111100001111110000000011111000111110
0111110000000001111100000011111111000001111111100000111110000000011111000111110
0111110000000011111100000011111111000001111111100000111110000000111111000111110
0111111100001111111100000001111111000001111111000000111111100001111110000111110
0011111111111111111100000001111110000001111111000000011111111111111110000111110
0001111111111111111100000001111110000000111111000000001111111111111100000111110
0000011111111001111100000000111110000000111110000000000011111111100000000111110
0000000000000000000000000000000000000000000000000000000000000000000000000000000