000000000000000000000000000000000000000000000000000000000000000000000000000000000000000000000000000000000000000000000000000
000000000000000000000000000000000000000000000000000000000001100000000000000000000000000000000000000000000000000000000000000
000000001111100000000000000000000000000000000000000000000111110000000000000000000000000000000000000000000000000000000000000
000000001111100000000000000000000000000000000000000000000111111000000000000000000000000000000000000000000000000000000000000
000000001111000000000000000000000000000000000000000000000011111000000000000000000000000000000011111111111111111111111111110
000000001111000000111111111111111111110000000000000000000011111100000000000000000000111111111111111111111111111111111111110
000000001111000000111111111111111111110000000000000000000001110000000000000000000000111111111111110011111111111111111111110
000000011111000000111111111111111111110000001111111111111111111111111111111110000000111111111111110011110000000000011110000
000000011110000000000000000000011111100000001111111111111111111111111111111110000000111100111111110011110000000000011110000
000000011110000000000000000000111111000000001111111111111111111111111111111110000000111100111111110011110000000000011110000
001111111111111111100000000001111110000000001111100000000000000000000000011110000000111100111111110111100000000000011110000
001111111111111111100000000011111000000000001111100000000000000000000000011110000000111100111111110111100111111111011110000
001111111111111111100000001111110000000000001111100000000000000000001100011110000000111100111111110111100111111111011110000
000000111100001111000000011111100000000000001111100000000000000001111110011110000000111100111111110111100111101111011110000
000000111100001111000000001111000000000000001111100000000000011111111110000000000000111100111111111111000111101111011110000
000001111100011111000000001111000000000000000000000000111111111111111111000000000000111100111111111111000111101111011110000
000001111100011111000000001111000000000000000001111111111111111111100000000000000000111100111111111111000111101111011110000
000001111000011110000000001111000000000000000001111111111111110000000000000000000000111100111111111111000111101111011110000
000001111000011110000000001111000000000000000000111111110111110000000000000000000000111100111111110111100111101111011110000
000011111000111111111111111111111111111000000000000000000111110000000000000000000000111100111111110111100111101111011110000
000011110000111111111111111111111111111000000000000000000111110000000000000000000000111100111111110111110111101111011110000
000111110000111101111111111111111111111000000000000000000111110000000000000000000000111100111111110011110111101111011110000
000111111001111100000000001111000000000000000000000000000111110000000111111110000000111100111111110011110111101111011110000
000011111101111100000000001111000000000000000000000000000111111111111111111110000000111100111111110011110111101111011110000
000001111111111000000000001111000000000000011111111111111111111111111111111110000000111100111111110011111111101111011110000
000000011111111000000000001111000000000000011111111111111111111111111000000000000000111100111111110011111111101111011110000
000000001111110000000000001111000000000000001111111111111111110000000000000000000000111111111111110011110111111111011110000
000000000111111000000000001111000000000000000000000000000111110000000000000000000000111111111111110111110111111111011110000
000000001111111100000000001111000000000000000000000000000111110000000000000000000000111100111111111111110000000000011110000
000000011111111110000000001111000000000000000000000000000111110000000000000000000000111100111111111111000000000000011110000
000000111110011111000000001111000000000000000000000000000111110000000000011000000000111100111111111110000000000000011110000
000001111110001111100000001111000000000000000000000000000111110000000000011110000000111100000011110000000000000000011110000
000011111100001111110000001111000000000000000000000000000111110000000000011111000000111100000011110000000000000000011110000
000111111000000111000000011111000000000000000000000000000111110000000000111110000000000000000011110000000000000000011110000
011111110000000000000111111111000000000000000000000000000111111000000001111110000000000000000011110000000000000111111110000
011111000000000000000111111111000000000000000000000000000111111111111111111110000000000000000011110000000000000011111110000
001110000000000000000011111100000000000000000000000000000011111111111111111100000000000000000011110000000000000011111100000
000000000000000000000011100000000000000000000000000000000000000000000000000000000000000000000011110000000000000011000000000
000000000000000000000000000000000000000000000000000000000000000000000000000000000000000000000000000000000000000000000000000