00000000000000000000000000000000000000000000000000000000000000000000000000000000
00000001100000000000000000000000000000000000000001000000000000000000000000000000
00000000110000000000000000000111111000000000000001100000000000001000000000000000
00000000100000000000000111110000011100000000000001000000000000001100000010000000
00000000100011000000000100011000100000000000010001000000000000001100000011000000
00001000100110000000000100011000000000000000011001001100000000001100000010000000
00000100101100000000000000111111000000000000011011111100000000001101100010000000
00000100100000000000000001100000000000000000011101000000000000001100100010001000
00000000100111100000000000101100000000000000100001000000000000011110100010011000
00000111111111100000000001001100000000000001000001000011100001111100101011100000
00111110010000000000000011111111100000000000000011111111110000001100110010000000
00000011011000000000000010001100000000000111111101000000000000001110100010000000
00000010010000000000000000001101111100000010000001000000000000001100100010000000
00000110010000000100001111111111111110000000000001000000000000111100101010000100
00001100010000000100001110001100000000000000000001000000000011101100110011000100
00001000010000000100000000001100000000000000000001000000000000001101100001111110
00110000011000000100000000001100000000000000000001000000000000001100000000111100
01000000001111111100000000001000000000000000000001000000000000011100000000000000
00000000000011110000000000001000000000000000000001000000000000001000000000000000
00000000000000000000000000000000000000000000000000000000000000000000000000000000
