0000000000000000000000000000000000000000000000000000000000000000000000000000000000000000000000000000000000000000000000000000000000000000000000
0000000000000000000000000011000110000000000000000000000000000000000000010000000000000000000001100000000000000001100000000000011000110001100000
0011111111100111111100000011000110000000000001111111111111100000000000010000000000011000000001100000000000110001100000000000011000110001100000
0111111111100111111100000110001110000000000001000000000001100011111111111111111110001101111111111111110000110001100000000000011000110001100000
0000110001100110001100000110001111111111100001000000000001100000000000010000000000000111111111111111100000110001100000000000011000110001100000
0000110001100110001100000110011111111111100001111111111111100000011111111111111000000000001100000110000001111111111111110001111110110001100010
0000110001100110011100001110011000000001100001111111111111100000011111111111111000000000000110001100000001111111111111110001111110110001100110
0011111111100110011100001110110000110011100001000000000001100000011000000000011000110000111111111111100011000001100000000000011000111101101100
0011111111100110011000011110100001110011100001111111111111100000011111111111111000011000111111111111100011000001100000000000011000111111111000
0000110001100110111000111110000001110000000001111111111111100000011000000000011000001100110001100001100110000001100000000000011000110001110000
0000110001100110011000111110001001110100000000000000000000000000011111111111111000000100111111111101100110000001100000000000011110110001100000
0000110001100110001110101110001101110110001111111111111111111000011111111111111000000000111111111101100000000001100000000000111110110001100000
0111111111100110000110001110011001110110001111111111111111111000011000000000011000000000110001100001101111111111111111111111111000110001100000
0011111111100110000110001110011001110011000000110001100000000000011111111111111000001100110111111101101111111111111111111111011000110001100000
0000110001100110000110001110110001110011000001110001111111100000011111111111111000001100110111111101100000000001100000000000011000110001100000
0000110001100110000110001110110001110001100001110001111111110000011000000000011000001100110110001101100000000001100000000000011000110001100010
0001110001100111111110001111100001110001100011110001100000000011111111111111111111011100110110001101100000000001100000000000011000110011100010
0001110001100111111110001110100001110000000011110001100000000000000010000010000000011100110111111101100000000001100000000000011000111111100010
0011010001100110000000001110000001110000000110011111100000000000001111000111110000011100110110000001100000000001100000000000011000111101100010
0111011111100110000000001110001111110000001100001111111111111001111100000000111110011100110000001111100000000001100000000001111001110001111110
0000000000000000000000000000000000000000000000000000000000000000000000000000000000000000000000000000000000000000000000000000000000000000000000
